['l_shoulder_z', 'l_shoulder_y', 'l_arm_x', 'l_elbow_y', 'l_wrist_z', 'l_wrist_x', 'l_thumb_z', 'l_thumb_x', 'l_indexfinger_x', 'l_middlefingers_x', 'r_shoulder_z', 'r_shoulder_y', 'r_arm_x', 'r_elbow_y', 'r_wrist_z', 'r_wrist_x', 'r_thumb_z', 'r_thumb_x', 'r_indexfinger_x', 'r_middlefingers_x']
[-24.0, 14.0, 0.0, 104.0, -7.0, -54.0, -63.0, -180.0, -179.0, -180.0, 9.0, 71.0, 57.0, 113.0, 30.0, 41.0, -3.0, 34.0, -179.0, 35.0]
[-23.0, 14.0, 0.0, 104.0, -6.0, -53.0, -61.0, -180.0, -179.0, -180.0, 9.0, 64.0, 56.0, 112.0, 23.0, 115.0, -9.0, 33.0, -180.0, 33.0]
[-23.0, 14.0, 0.0, 104.0, -6.0, -53.0, -61.0, -180.0, -179.0, -180.0, 9.0, 64.0, 56.0, 112.0, 24.0, 115.0, -9.0, 33.0, -180.0, 33.0]
[-23.0, 14.0, 0.0, 104.0, -6.0, -53.0, -61.0, -180.0, -179.0, -180.0, 9.0, 64.0, 56.0, 112.0, 24.0, 115.0, -9.0, 33.0, -180.0, 33.0]
[-23.0, 14.0, 0.0, 104.0, -6.0, -53.0, -62.0, -180.0, -179.0, -180.0, 9.0, 64.0, 56.0, 112.0, 24.0, 116.0, -8.0, 33.0, -180.0, 33.0]
[-23.0, 14.0, 0.0, 104.0, -6.0, -53.0, -60.0, -180.0, -179.0, -180.0, 10.0, 64.0, 56.0, 111.0, 25.0, 116.0, -9.0, 33.0, -180.0, 33.0]
[-23.0, 14.0, 0.0, 104.0, -6.0, -53.0, -61.0, -180.0, -179.0, -180.0, 10.0, 64.0, 56.0, 110.0, 25.0, 117.0, -9.0, 33.0, -180.0, 33.0]
[-23.0, 14.0, 0.0, 104.0, -6.0, -53.0, -61.0, -180.0, -179.0, -180.0, 10.0, 64.0, 56.0, 110.0, 25.0, 117.0, -9.0, 33.0, -180.0, 33.0]
[-23.0, 14.0, 0.0, 104.0, -6.0, -53.0, -61.0, -180.0, -179.0, -180.0, 10.0, 63.0, 56.0, 109.0, 26.0, 118.0, -9.0, 33.0, -180.0, 33.0]
[-23.0, 14.0, 0.0, 104.0, -6.0, -53.0, -61.0, -180.0, -179.0, -180.0, 11.0, 62.0, 56.0, 108.0, 26.0, 122.0, -9.0, 33.0, -180.0, 33.0]
[-23.0, 14.0, 0.0, 104.0, -6.0, -53.0, -61.0, -180.0, -179.0, -180.0, 11.0, 62.0, 56.0, 108.0, 26.0, 122.0, -9.0, 33.0, -180.0, 33.0]
[-23.0, 14.0, 0.0, 104.0, -6.0, -53.0, -62.0, -180.0, -179.0, -180.0, 11.0, 61.0, 56.0, 106.0, 26.0, 123.0, -9.0, 33.0, -180.0, 33.0]
[-23.0, 14.0, 0.0, 104.0, -6.0, -53.0, -61.0, -180.0, -179.0, -180.0, 12.0, 59.0, 56.0, 104.0, 26.0, 124.0, -9.0, 33.0, -180.0, 33.0]
[-23.0, 14.0, 0.0, 104.0, -6.0, -53.0, -61.0, -180.0, -179.0, -180.0, 12.0, 58.0, 56.0, 103.0, 26.0, 125.0, -9.0, 33.0, -180.0, 33.0]
[-23.0, 14.0, 0.0, 104.0, -6.0, -53.0, -61.0, -180.0, -179.0, -180.0, 12.0, 58.0, 56.0, 103.0, 26.0, 125.0, -9.0, 33.0, -180.0, 33.0]
[-23.0, 14.0, 0.0, 104.0, -6.0, -53.0, -62.0, -180.0, -179.0, -180.0, 13.0, 57.0, 56.0, 102.0, 27.0, 127.0, -9.0, 33.0, -180.0, 33.0]
[-23.0, 14.0, 0.0, 104.0, -6.0, -53.0, -60.0, -180.0, -179.0, -180.0, 14.0, 55.0, 56.0, 100.0, 29.0, 128.0, -9.0, 33.0, -180.0, 33.0]
[-23.0, 14.0, 0.0, 104.0, -6.0, -53.0, -60.0, -180.0, -179.0, -180.0, 14.0, 55.0, 56.0, 100.0, 29.0, 128.0, -9.0, 33.0, -180.0, 33.0]
[-23.0, 14.0, 0.0, 104.0, -6.0, -53.0, -61.0, -180.0, -179.0, -180.0, 14.0, 53.0, 56.0, 98.0, 30.0, 129.0, -9.0, 33.0, -180.0, 33.0]
[-23.0, 14.0, 0.0, 104.0, -6.0, -53.0, -61.0, -180.0, -179.0, -180.0, 14.0, 53.0, 56.0, 98.0, 30.0, 129.0, -9.0, 33.0, -180.0, 33.0]
[-23.0, 14.0, 0.0, 104.0, -6.0, -53.0, -61.0, -180.0, -179.0, -180.0, 14.0, 53.0, 56.0, 98.0, 30.0, 129.0, -9.0, 33.0, -180.0, 33.0]
[-23.0, 14.0, 0.0, 104.0, -6.0, -53.0, -61.0, -180.0, -179.0, -180.0, 14.0, 53.0, 56.0, 98.0, 30.0, 129.0, -9.0, 33.0, -180.0, 33.0]
[-23.0, 14.0, 0.0, 104.0, -6.0, -53.0, -61.0, -180.0, -179.0, -180.0, 16.0, 49.0, 56.0, 94.0, 35.0, 133.0, -8.0, 33.0, -180.0, 33.0]
[-23.0, 14.0, 0.0, 104.0, -6.0, -53.0, -61.0, -180.0, -179.0, -180.0, 19.0, 45.0, 56.0, 91.0, 39.0, 135.0, -9.0, 33.0, -180.0, 33.0]
[-23.0, 14.0, 0.0, 104.0, -6.0, -53.0, -61.0, -180.0, -179.0, -180.0, 19.0, 45.0, 56.0, 91.0, 39.0, 135.0, -9.0, 33.0, -180.0, 33.0]
[-23.0, 14.0, 0.0, 104.0, -6.0, -53.0, -61.0, -180.0, -179.0, -180.0, 20.0, 43.0, 56.0, 89.0, 40.0, 136.0, -9.0, 33.0, -180.0, 33.0]
[-23.0, 14.0, 0.0, 104.0, -6.0, -53.0, -60.0, -180.0, -179.0, -180.0, 22.0, 39.0, 55.0, 87.0, 42.0, 139.0, -9.0, 33.0, -180.0, 33.0]
[-23.0, 14.0, 0.0, 104.0, -6.0, -53.0, -61.0, -180.0, -179.0, -180.0, 23.0, 38.0, 54.0, 86.0, 43.0, 140.0, -9.0, 33.0, -180.0, 33.0]
[-23.0, 14.0, 0.0, 104.0, -6.0, -53.0, -61.0, -180.0, -179.0, -180.0, 23.0, 38.0, 54.0, 86.0, 43.0, 140.0, -9.0, 33.0, -180.0, 33.0]
[-23.0, 14.0, 0.0, 104.0, -6.0, -53.0, -60.0, -180.0, -179.0, -180.0, 25.0, 35.0, 53.0, 86.0, 44.0, 143.0, -9.0, 33.0, -180.0, 33.0]
[-23.0, 14.0, 0.0, 104.0, -6.0, -53.0, -61.0, -180.0, -179.0, -180.0, 27.0, 33.0, 51.0, 85.0, 50.0, 145.0, -9.0, 33.0, -180.0, 33.0]
[-23.0, 14.0, 0.0, 104.0, -6.0, -53.0, -61.0, -180.0, -179.0, -180.0, 27.0, 33.0, 51.0, 85.0, 50.0, 145.0, -9.0, 33.0, -180.0, 33.0]
[-23.0, 14.0, 0.0, 104.0, -6.0, -53.0, -61.0, -180.0, -179.0, -180.0, 28.0, 31.0, 49.0, 86.0, 56.0, 147.0, -9.0, 33.0, -180.0, 33.0]
[-23.0, 14.0, 0.0, 104.0, -6.0, -53.0, -60.0, -180.0, -179.0, -180.0, 29.0, 29.0, 47.0, 86.0, 60.0, 147.0, -9.0, 33.0, -180.0, 33.0]
[-23.0, 14.0, 0.0, 104.0, -6.0, -53.0, -60.0, -180.0, -179.0, -180.0, 29.0, 29.0, 47.0, 86.0, 60.0, 147.0, -9.0, 33.0, -180.0, 33.0]
[-23.0, 14.0, 0.0, 104.0, -6.0, -54.0, -62.0, -180.0, -179.0, -180.0, 30.0, 28.0, 46.0, 87.0, 63.0, 148.0, -9.0, 33.0, -180.0, 33.0]
[-23.0, 14.0, 0.0, 104.0, -6.0, -54.0, -62.0, -180.0, -179.0, -180.0, 30.0, 28.0, 46.0, 87.0, 63.0, 148.0, -9.0, 33.0, -180.0, 33.0]
[-23.0, 14.0, 0.0, 104.0, -6.0, -53.0, -61.0, -180.0, -179.0, -180.0, 31.0, 25.0, 41.0, 89.0, 72.0, 152.0, -9.0, 33.0, -180.0, 33.0]
[-23.0, 14.0, 0.0, 104.0, -6.0, -53.0, -61.0, -180.0, -179.0, -180.0, 31.0, 25.0, 41.0, 89.0, 72.0, 152.0, -9.0, 33.0, -180.0, 33.0]
[-23.0, 14.0, 0.0, 104.0, -6.0, -54.0, -61.0, -180.0, -179.0, -180.0, 32.0, 25.0, 39.0, 90.0, 79.0, 154.0, -9.0, 33.0, -180.0, 33.0]
[-23.0, 14.0, 0.0, 104.0, -6.0, -54.0, -61.0, -180.0, -179.0, -180.0, 32.0, 25.0, 39.0, 90.0, 79.0, 154.0, -9.0, 33.0, -180.0, 33.0]
[-23.0, 14.0, 0.0, 104.0, -6.0, -53.0, -61.0, -180.0, -179.0, -180.0, 33.0, 25.0, 37.0, 90.0, 83.0, 155.0, -8.0, 33.0, -180.0, 33.0]
[-23.0, 14.0, 0.0, 104.0, -6.0, -53.0, -61.0, -180.0, -179.0, -180.0, 33.0, 25.0, 36.0, 91.0, 87.0, 155.0, -9.0, 33.0, -180.0, 33.0]
[-23.0, 14.0, 0.0, 104.0, -6.0, -53.0, -61.0, -180.0, -179.0, -180.0, 33.0, 25.0, 36.0, 91.0, 87.0, 155.0, -9.0, 33.0, -180.0, 33.0]
[-23.0, 14.0, 0.0, 104.0, -6.0, -53.0, -61.0, -180.0, -179.0, -180.0, 34.0, 24.0, 34.0, 92.0, 92.0, 156.0, -9.0, 33.0, -180.0, 33.0]
[-23.0, 14.0, 0.0, 104.0, -6.0, -53.0, -62.0, -180.0, -179.0, -180.0, 35.0, 24.0, 33.0, 93.0, 97.0, 156.0, -9.0, 33.0, -180.0, 33.0]
[-23.0, 14.0, 0.0, 104.0, -6.0, -53.0, -61.0, -180.0, -179.0, -180.0, 35.0, 24.0, 32.0, 93.0, 99.0, 158.0, -9.0, 33.0, -180.0, 33.0]
[-23.0, 14.0, 0.0, 104.0, -6.0, -53.0, -61.0, -180.0, -179.0, -180.0, 35.0, 24.0, 32.0, 93.0, 99.0, 158.0, -9.0, 33.0, -180.0, 33.0]
[-23.0, 14.0, 0.0, 104.0, -6.0, -53.0, -61.0, -180.0, -179.0, -180.0, 36.0, 24.0, 31.0, 95.0, 104.0, 158.0, -9.0, 33.0, -180.0, 33.0]
[-23.0, 14.0, 0.0, 104.0, -6.0, -53.0, -61.0, -180.0, -179.0, -180.0, 37.0, 24.0, 31.0, 96.0, 106.0, 158.0, -9.0, 33.0, -180.0, 33.0]
[-23.0, 14.0, 0.0, 104.0, -6.0, -53.0, -60.0, -180.0, -179.0, -180.0, 37.0, 24.0, 30.0, 97.0, 107.0, 159.0, -9.0, 33.0, -180.0, 33.0]
[-23.0, 14.0, 0.0, 104.0, -6.0, -53.0, -60.0, -180.0, -179.0, -180.0, 37.0, 24.0, 30.0, 97.0, 107.0, 159.0, -9.0, 33.0, -180.0, 33.0]
[-23.0, 14.0, 0.0, 104.0, -6.0, -53.0, -62.0, -180.0, -179.0, -180.0, 38.0, 24.0, 30.0, 99.0, 111.0, 159.0, -8.0, 33.0, -180.0, 32.0]
[-23.0, 14.0, 0.0, 104.0, -6.0, -53.0, -61.0, -180.0, -179.0, -180.0, 39.0, 24.0, 29.0, 99.0, 113.0, 161.0, -9.0, 33.0, -180.0, 33.0]
[-23.0, 14.0, 0.0, 104.0, -6.0, -53.0, -61.0, -180.0, -179.0, -180.0, 39.0, 24.0, 29.0, 99.0, 113.0, 161.0, -9.0, 33.0, -180.0, 33.0]
[-23.0, 14.0, 0.0, 104.0, -6.0, -53.0, -61.0, -180.0, -179.0, -180.0, 39.0, 24.0, 29.0, 99.0, 113.0, 161.0, -9.0, 33.0, -180.0, 33.0]
[-23.0, 14.0, 0.0, 104.0, -6.0, -53.0, -61.0, -180.0, -179.0, -180.0, 39.0, 24.0, 29.0, 99.0, 113.0, 161.0, -9.0, 33.0, -180.0, 33.0]
[-23.0, 14.0, 0.0, 104.0, -6.0, -53.0, -62.0, -180.0, -179.0, -180.0, 40.0, 24.0, 29.0, 101.0, 118.0, 161.0, -9.0, 33.0, -180.0, 33.0]
[-23.0, 14.0, 0.0, 104.0, -6.0, -53.0, -61.0, -180.0, -179.0, -180.0, 40.0, 24.0, 29.0, 102.0, 120.0, 161.0, -9.0, 33.0, -180.0, 32.0]
[-23.0, 14.0, 0.0, 104.0, -6.0, -53.0, -61.0, -180.0, -179.0, -180.0, 40.0, 24.0, 29.0, 102.0, 120.0, 161.0, -9.0, 33.0, -180.0, 32.0]
[-23.0, 14.0, 0.0, 104.0, -6.0, -53.0, -61.0, -180.0, -179.0, -180.0, 40.0, 24.0, 29.0, 103.0, 121.0, 162.0, -9.0, 33.0, -180.0, 32.0]
[-23.0, 14.0, 0.0, 104.0, -6.0, -53.0, -61.0, -180.0, -179.0, -180.0, 40.0, 24.0, 29.0, 103.0, 122.0, 162.0, -9.0, 33.0, -180.0, 32.0]
[-23.0, 14.0, 0.0, 104.0, -6.0, -53.0, -61.0, -180.0, -179.0, -180.0, 40.0, 24.0, 29.0, 103.0, 122.0, 162.0, -9.0, 33.0, -180.0, 32.0]
[-23.0, 14.0, 0.0, 104.0, -6.0, -53.0, -61.0, -180.0, -179.0, -180.0, 40.0, 24.0, 29.0, 103.0, 122.0, 162.0, -9.0, 33.0, -180.0, 33.0]
[-23.0, 14.0, 0.0, 104.0, -6.0, -53.0, -61.0, -180.0, -179.0, -180.0, 40.0, 24.0, 29.0, 103.0, 123.0, 162.0, -9.0, 33.0, -180.0, 32.0]
[-23.0, 14.0, 0.0, 104.0, -6.0, -53.0, -61.0, -180.0, -179.0, -180.0, 40.0, 24.0, 29.0, 103.0, 123.0, 162.0, -9.0, 33.0, -180.0, 32.0]
[-23.0, 14.0, 0.0, 104.0, -6.0, -53.0, -60.0, -180.0, -179.0, -180.0, 40.0, 24.0, 29.0, 103.0, 123.0, 162.0, -9.0, 33.0, -180.0, 32.0]
[-23.0, 14.0, 0.0, 104.0, -6.0, -53.0, -60.0, -180.0, -179.0, -180.0, 40.0, 24.0, 29.0, 103.0, 123.0, 162.0, -9.0, 33.0, -180.0, 32.0]
[-23.0, 14.0, 0.0, 104.0, -6.0, -53.0, -61.0, -180.0, -179.0, -180.0, 40.0, 24.0, 29.0, 103.0, 123.0, 162.0, -9.0, 33.0, -180.0, 32.0]
[-23.0, 14.0, 0.0, 104.0, -6.0, -53.0, -61.0, -180.0, -179.0, -180.0, 40.0, 24.0, 29.0, 103.0, 123.0, 162.0, -9.0, 33.0, -180.0, 32.0]
[-23.0, 14.0, 0.0, 104.0, -6.0, -53.0, -61.0, -180.0, -179.0, -180.0, 40.0, 24.0, 29.0, 103.0, 123.0, 162.0, -8.0, 33.0, -180.0, 32.0]
