['r_shoulder_z', 'r_shoulder_y', 'r_arm_x', 'r_elbow_y', 'r_wrist_z', 'r_wrist_x', 'r_indexfinger_x']
[-18.845733642578125, 101.55400085449219, 41.806739807128906, 101.42512512207031, 19.87164306640625, 174.04937744140625, 173.05001831054688]
[-14.64943790435791, 98.86570739746094, 47.251041412353516, 98.11167907714844, 13.68115234375, 172.47219848632812, 170.25759887695312]
[-11.601539611816406, 95.8696517944336, 52.012550354003906, 95.32687377929688, 7.6927947998046875, 170.13412475585938, 164.71279907226562]
[-10.955596923828125, 92.54861450195312, 54.135162353515625, 93.1719741821289, 3.7025604248046875, 167.65863037109375, 155.9378662109375]
[-11.370851516723633, 89.27890014648438, 54.74125289916992, 91.3206787109375, 1.42431640625, 165.7841796875, 146.01425170898438]
[-11.959169387817383, 86.1828384399414, 54.836429595947266, 89.60415649414062, 0.1776123046875, 164.42709350585938, 136.07421875]
[-12.487478256225586, 83.25209045410156, 54.73651885986328, 87.9798583984375, -0.3527069091796875, 163.40243530273438, 126.41046142578125]
[-12.898702621459961, 80.4613037109375, 54.5451545715332, 86.43795013427734, -0.3227081298828125, 162.59307861328125, 117.098388671875]
[-13.184839248657227, 77.78719329833984, 54.298622131347656, 84.97724151611328, 0.176666259765625, 161.92901611328125, 108.13223266601562]
[-13.348968505859375, 75.21118927001953, 54.013519287109375, 83.59906768798828, 1.0830535888671875, 161.36764526367188, 99.49520874023438]
[-13.39715576171875, 72.71871185302734, 53.6984748840332, 82.30583190917969, 2.348968505859375, 160.8814697265625, 91.16485595703125]
[-13.336324691772461, 70.29795837402344, 53.35895919799805, 81.10000610351562, 3.9352874755859375, 160.45169067382812, 83.111083984375]
[-13.173078536987305, 67.93961334228516, 52.99898147583008, 79.98420715332031, 5.8079071044921875, 160.06488037109375, 75.30130004882812]
[-12.913143157958984, 65.63667297363281, 52.62216567993164, 78.96127319335938, 7.93609619140625, 159.71136474609375, 67.70758056640625]
[-12.562110900878906, 63.38380432128906, 52.23153305053711, 78.033935546875, 10.291290283203125, 159.3834228515625, 60.297576904296875]
[-12.12525749206543, 61.17724609375, 51.82980728149414, 77.20491027832031, 12.846298217773438, 159.0748291015625, 53.03912353515625]
[-11.607048034667969, 59.015098571777344, 51.4195556640625, 76.47715759277344, 15.575531005859375, 158.78082275390625, 45.909393310546875]
[-11.012361526489258, 56.89643096923828, 51.00264358520508, 75.85334014892578, 18.453964233398438, 158.49713134765625, 38.87870788574219]
[-10.345926284790039, 54.821533203125, 50.58049011230469, 75.33610534667969, 21.45758056640625, 158.219970703125, 31.919708251953125]
[-9.612333297729492, 52.79188537597656, 50.15409469604492, 74.92800903320312, 24.563140869140625, 157.94613647460938, 25.009231567382812]
[-8.81594467163086, 50.80994415283203, 49.72404098510742, 74.63154602050781, 27.748458862304688, 157.67276000976562, 18.128921508789062]
[-7.961383819580078, 48.87886047363281, 49.29026412963867, 74.44894409179688, 30.992431640625, 157.39703369140625, 11.26019287109375]
[-7.053262710571289, 47.00244140625, 48.8523063659668, 74.38213348388672, 34.27528381347656, 157.11636352539062, 4.3863983154296875]
[-6.095918655395508, 45.18511199951172, 48.4094352722168, 74.43295288085938, 37.57841491699219, 156.82830810546875, -2.501312255859375]
[-5.093776702880859, 43.431678771972656, 47.96056365966797, 74.60293579101562, 40.88494873046875, 156.53030395507812, -9.411178588867188]
[-4.051189422607422, 41.747230529785156, 47.50433349609375, 74.89340209960938, 44.179412841796875, 156.2198486328125, -16.347030639648438]
[-2.9726810455322266, 40.13689422607422, 47.03898239135742, 75.30532836914062, 47.4481201171875, 155.89398193359375, -23.313125610351562]
[-1.8621501922607422, 38.606285095214844, 46.563053131103516, 75.83992004394531, 50.67872619628906, 155.5498046875, -30.301116943359375]
[-0.72467041015625, 37.16020202636719, 46.07378005981445, 76.49742889404297, 53.861724853515625, 155.18295288085938, -37.3203125]
[0.4359474182128906, 35.804405212402344, 45.569400787353516, 77.27904510498047, 56.987945556640625, 154.78964233398438, -44.3541259765625]
[1.6148624420166016, 34.543846130371094, 45.0468864440918, 78.1852035522461, 60.051422119140625, 154.36407470703125, -51.40269470214844]
[2.8079795837402344, 33.38410949707031, 44.50394821166992, 79.2171630859375, 63.04646301269531, 153.9002685546875, -58.44776153564453]
[4.010318756103516, 32.330238342285156, 43.93712615966797, 80.37582397460938, 65.97038269042969, 153.3896484375, -65.4833755493164]
[5.217063903808594, 31.387584686279297, 43.3431510925293, 81.66268920898438, 68.82156372070312, 152.82205200195312, -72.49508666992188]
[6.423179626464844, 30.561614990234375, 42.718475341796875, 83.07980346679688, 71.5999755859375, 152.18450927734375, -79.46548461914062]
[7.622997283935547, 29.85782241821289, 42.05890655517578, 84.62965393066406, 74.30714416503906, 151.45956420898438, -86.38042449951172]
[8.810710906982422, 29.28207778930664, 41.360252380371094, 86.31572723388672, 76.94583129882812, 150.62460327148438, -93.2192611694336]
[9.980571746826172, 28.84056854248047, 40.61903381347656, 88.142578125, 79.51852416992188, 149.65066528320312, -99.95120239257812]
[11.125713348388672, 28.539295196533203, 39.830806732177734, 90.11570739746094, 82.02908325195312, 148.49615478515625, -106.55316162109375]
[12.239669799804688, 28.384197235107422, 38.99264907836914, 92.24201965332031, 84.47979736328125, 147.10540771484375, -112.98831176757812]
[13.316551208496094, 28.380470275878906, 38.1038818359375, 94.52996826171875, 86.86929321289062, 145.40185546875, -119.21000671386719]
[14.352439880371094, 28.531280517578125, 37.16822052001953, 96.98915100097656, 89.18991088867188, 143.28143310546875, -125.15675354003906]
[15.347095489501953, 28.835906982421875, 36.19633483886719, 99.62975311279297, 91.42239379882812, 140.60479736328125, -130.75326538085938]
[16.30718231201172, 29.287616729736328, 35.209877014160156, 102.46138000488281, 93.53067016601562, 137.19802856445312, -135.9080047607422]
[17.249038696289062, 29.871978759765625, 34.243682861328125, 105.49140167236328, 95.45697021484375, 132.86636352539062, -140.52488708496094]
[18.199462890625, 30.56875991821289, 33.34352111816406, 108.7243881225586, 97.12612915039062, 127.43798828125, -144.52328491210938]
[19.190383911132812, 31.358325958251953, 32.55485916137695, 112.16384887695312, 98.45962524414062, 120.81130981445312, -147.8739776611328]
[20.252216339111328, 32.23019027709961, 31.91217613220215, 115.81713104248047, 99.39089965820312, 112.99386596679688, -150.60902404785156]
[21.408458709716797, 33.186798095703125, 31.43288803100586, 119.69991302490234, 99.871826171875, 104.07391357421875, -152.8143310546875]
[22.677871704101562, 34.24207305908203, 31.124216079711914, 123.84011840820312, 99.85073852539062, 94.17138671875, -154.595703125]
[24.155975341796875, 35.56678009033203, 31.109941482543945, 128.34982299804688, 99.38229370117188, 85.83963012695312, -155.74818420410156]
