['left-arm1', 'left-arm2', 'left-arm3', 'left-elbow1', 'left-wrist1', 'left-wrist2', 'left-thumb1', 'left-thumb2', 'left-forefinger', 'left-littlefingers', 'neck1', 'neck2']
[0.0, 0.0, 50.0, 93.0, 3.0, 0.0, 0.0, 59.0, 0.0, 83.0, -1.0, 0.0]
[0.0, 0.0, 50.0, 93.0, 3.0, 0.0, 0.0, 59.0, 0.0, 83.0, -1.0, 0.0]
[0.0, 0.0, 50.0, 93.0, 3.0, 0.0, 0.0, 59.0, 0.0, 83.0, -1.0, 0.0]
[1.0, 0.0, 50.0, 93.0, 3.0, 0.0, 0.0, 59.0, 0.0, 83.0, -1.0, 0.0]
[-7.0, 29.0, 34.0, 113.0, -19.0, -1.0, 0.0, 59.0, 0.0, 83.0, -1.0, 0.0]
[8.0, 37.0, 15.0, 130.0, 60.0, 14.0, 0.0, 59.0, 0.0, 83.0, -1.0, 0.0]
[13.0, 36.0, 16.0, 142.0, 77.0, 25.0, 0.0, 59.0, 0.0, 83.0, -1.0, 0.0]
[-3.0, 37.0, 35.0, 124.0, 18.0, 25.0, 0.0, 59.0, 0.0, 83.0, -1.0, 0.0]
[-9.0, 12.0, 50.0, 105.0, 13.0, 25.0, 0.0, 59.0, 0.0, 83.0, -1.0, 0.0]
[-9.0, 10.0, 50.0, 104.0, 7.0, 25.0, 0.0, 59.0, 0.0, 83.0, -1.0, 0.0]
[-9.0, 10.0, 50.0, 104.0, 7.0, 25.0, 0.0, 59.0, 0.0, 83.0, -1.0, 0.0]
[-9.0, 10.0, 50.0, 104.0, 7.0, 25.0, 0.0, 59.0, 0.0, 83.0, -1.0, 0.0]
